002£º

Xs  = 4079.39113    Ys    = -145.16986    Zs    = -298.34664
Phi =   -0.21148    Omega =    0.06098    Kappa =   -0.08535



004£º

Xs  = 3373.40082    Ys    = -141.55657    Zs    =   92.77483
Phi =   -0.01205    Omega =    0.09997    Kappa =   -0.04101

